111. 1881888811388 und 28811188. 3, 8. 143

AODLAMj 111 9, 94 (113111). 1112161 Τ1311Η811), 111111Δ11]
1120, 15, 111101) 11121136 (113811), daun 81181 8118111111 12, 22, wo
188 mov 881 in Β88(1111111111)18111,880(181 (18388881888 dem
προς amove v. 15. 16 88 8118101838 181188181811811 1118811, 11888
881 die ,1811381 818 881818388881111181811(131. 16, 1 im (1838118818
18 15, 3), Es 11318 (11811181 81118138 8811, 118Β811188181188 88888
18111181, 1118 sich 811811 18188 Η18811111311113 0888818811 18 ihm 118811-
1181888 111888 118118 lt 14, 22, wo 1181ΒΧ5Μ11818 1188 8188881813)
11811811, 11111118 88118811 dem 8181881188 μαθηται 1. 19. 26 88181811
18338188888, 11802656 fiel 1188811888 (Β 11818 11Η811) 8811811
1183811 (188 folgenden παντες 88 1818111888. 11838388 fehlt 88111
11 15, 32, 118 3181811 darauf 1. 33 8181188888 μαθηται 18131, 1 h 6, 66,
118 (118 1188188188113 des πολλοι τ. 1180. 881 1. 60 1188881118 ent-
1811111811 88 1118811811 8811188, 16, 29, 118 88 durch 088 88181 der
11118818181811 1810111131 181, und 20, 26, 118 11811118818118811811
88811 1. 19 18111831. Μ11111118811181181811811 8181181181811 nach 919
1818 1188 88188 1111118, das 118811 dem 8818111818811811181-
381181111811 88888 88 1818111 8881181(8.11. o.), und nach 801Δ111 8,1,
118 7, 37 18818811 nicht die 118118 1181, und 8188 das 8888881881
3811811883 8811181118, 1188118111 sehon XMj vorher οιησ. 818881811811.
118811811181111811811 118811Μ1 15, 32 kann doch 181118 Reda sein.

81181081. des Personalpronomens wird 1188880818 11311113
8881118111. 1118. 11888381131. 13111111] Mt 9,12. 15,Ι 22, DAMj
19, 3, DLXAMj 22, 21 1113) nach 18118138181111881 18181 αυτοις
1201111] 26,17,ΑΙ) 111 12, 38. 6,68 (1138111111) nach dem
λεγουσιν 88888 1. 37 und λεγει αυτοις 1. 38, ΑΔΜ] 115,
18. 11, 8. 19, 31. 81, 18, 111111] 8, 1. 11 8, 18. 1118881848
(1131111), ΔΙιΔΜ] 111 16, 29. 3, 99 (1131111), ADLAMj 10, 7 (113),
10311] 111 7, 1, ACDXMJ' 1111 12, 29 (91311111881111111,Ι 1118,
1111131111), AODLXAMJ· 88313), 3 Μ1 17, 17. Μ1 6,12. 10,
29, 111) 111 4, 27, 11Δ11] 18, 34, 9111an 8, 28 (1138111111) nach
181181381811118111 αυτοις ελεγεν, 11111) 21, 20, &CZMj 1111 17,11,
11111111 11114118811111811Β111, wo 88 den 1183888818 383811 das
8181138888 αυτοις 81111181 11818888 8811, 111111Μῄ 11111211
118811), 118 88 881188 durch 1118 11118118 (88818) 3818111811 881188,
ΙᾹΟΧΔΜ] 10, 35, 9991an Jh 13, 36. 118811- aber auch 383811
alle Mjsk (ausser B) und 1101181811 21,17, 118 9991 zweifellos
181811 das 8181888881 118111 8881181881 18118138181181811 und 81181-

 

